workload=rossler_unstable
rings=64
vertices=1025
triangles=6096
ring_points=16,16,16,16,16,16,16,16,16,16,16,16,16,16,16,16,16,16,16,16,16,16,16,16,16,16,16,16,16,16,16,16,16,16,16,16,16,16,16,16,16,16,16,16,16,16,16,16,16,16,16,16,16,16,16,16,16,16,16,16,16,16,16,16
0.0070262048341001295
-0.035131024170500645
0.035131024170500645
0.018094783854731327
-0.018473304977711928
0.03521438938051848
0.010877690767704869
-0.015505423578956436
0.035174123177734204
0.003074243861094018
-0.015525361963751174
0.0351272955417921
-0.004127552811992082
-0.018530084693753043
0.03508103555577077
-0.009631290992525483
-0.024062149971198637
0.035042385883194145
-0.012599076434030822
-0.031279351005893484
0.03501723058635185
-0.012579090706080931
-0.03908293436439559
0.03500939933115481
-0.009574376454585106
-0.0462848752200323
0.03502008435521625
-0.004042374186531065
-0.05178874336328937
0.035047658960482814
0.0031747189004953996
-0.05475662476204485
0.035087925163267086
0.010978165807106244
-0.05473668637725011
0.03513475279920919
0.018179962480192345
-0.05173196364724824
0.03518101278523052
0.023683700660725754
-0.046199898369802636
0.035219662457807145
0.02665148610223108
-0.0389826973351078
0.03524481775464944
0.026631500374281192
-0.031179113976605704
0.03525264900984648
0.02362678612278536
-0.02397717312096899
0.03524196398578504
0.018150125865345812
-0.01839001660060945
0.035214945043634524
0.010896948075636825
-0.015407295592441616
0.03517435910268386
0.0030544840575353854
-0.015427333652495639
0.035127276680857446
-0.004183321863900411
-0.01844708004915167
0.035080830369794314
-0.009714579389599153
-0.024006805860558218
0.03504211656644722
-0.012697204304462365
-0.03126009306557327
0.03501698290310166
-0.012677118824607172
-0.03910269416760567
0.03500920399658632
-0.00965738087146136
-0.046340644512036816
0.03501985446493749
-0.004097717861078754
-0.05187203202335696
0.03504738065883984
0.0031554613475405615
-0.054854752790182905
0.03508773008701413
0.01099792561327874
-0.05483471468806164
0.03513477122437597
0.018235730994830213
-0.05181496838309199
0.035181307539648835
0.0237669869680645
-0.04625524283479921
0.03522028003952233
0.02674961010593457
-0.03900195593077278
0.03524570949491401
0.02672952351420065
-0.031159355019434582
0.03525367255865196
0.023709786629622684
-0.023921404495250823
0.03524284503691371
0.018205468284610005
-0.018306728106034714
0.03521543896264583
0.010916205326724705
-0.01530916761799905
0.035174604473902214
0.003034724215983334
-0.01532930524774976
0.035127260816977576
-0.004239090727942917
-0.018364075364489654
0.03508059290792556
-0.009797866992544963
-0.023951461513241325
0.035041693934726184
-0.012795330883153962
-0.031240834725742513
0.035016436371505165
-0.012775145338426342
-0.03912245372505169
0.03500860193490944
-0.009740384054234328
-0.04639641380613046
0.03501934703076546
-0.0041530612011349746
-0.05195532067475375
0.03504704019937248
0.003136203738573937
-0.0549528808254415
0.03508754437860282
0.011017685421489445
-0.05493274309847494
0.03513479264683815
0.01829149970882959
-0.05189797309323456
0.03518157001595669
0.023850274323094046
-0.046310587224201095
0.035220744001387284
0.02684773641478576
-0.03902121431667597
0.035246301264006345
0.02682754995465037
-0.031139595474442408
0.03525428685072126
0.023792789239252713
-0.023865635298741375
0.03524344796091132
0.018260811064411124
-0.018223439530553137
0.03521587550104719
0.010935462618318586
-0.015211039635329946
0.03517484326062076
0.0030149643727246053
-0.015231276913165115
0.03512724756196874
-0.0042948595434634754
-0.018281070671308994
0.03508034720540913
-0.009881154503344418
-0.023896117148922386
0.03504125565183655
-0.012893457358503476
-0.031221576368421444
0.03501587278975473
-0.012873171842023917
-0.0391422132810608
0.03500799816426432
-0.00982338698716108
-0.046452183061833255
0.03501879634724975
-0.0042084042152482765
-0.05203860929009669
0.03504664272150349
0.0031169461686116765
-0.055051008855433146
0.03508735199887106
0.01103744520016663
-0.05503077144403745
0.03513481666877278
0.018347268473322437
-0.05198097779508118
0.0351818242262358
0.023933561774689097
-0.04636593159858239
0.03522119215919839
0.02694586282657481
-0.0390404726850412
0.035246875697781004
0.026925576405716422
-0.031119835927335193
0.035254899378088365
0.02387579212371216
-0.023809866051325516
0.035244006726693894
0.018316153936072055
-0.018140150938377713
0.03521629693926096
0.010954719980085865
-0.01511291163900259
0.03517507046384569
0.0029952045341020187
-0.015133248607109009
0.035127234503590093
-0.004350628348147663
-0.018198065976383574
0.0350800996714559
-0.009964442000753608
-0.023840772782138628
0.035040815132992245
-0.012991583820936127
-0.031202318009522285
0.035015307571740886
-0.012971198344689518
-0.039161972837137286
0.03500739424454202
-0.00990638991851097
-0.046507952317270077
0.03501824539049069
-0.004263747141738933
-0.05212189789160098
0.03504623042895194
0.003097688667198603
-0.05514913687549475
0.03508714807665142
0.011057204971944751
-0.05512879976145179
0.03513484087126154
0.018403037249032896
-0.05206398249492707
0.03518207659134031
0.02401684923991687
-0.04642127597084619
0.03522163804771544
0.027043989245239902
-0.03905973105160591
0.03524744845435047
0.02702360285767647
-0.03110007637984074
0.0352555117498521
0.02395879500992335
-0.02375409680360863
0.03524456520785361
0.018371496819508313
-0.018056862344229273
0.035216716427850424
0.010973977381390809
-0.015014783635540157
0.03517529110496159
0.0029754447018515776
-0.01503522028572427
0.03512721990979533
-0.004406397150020835
-0.01811506128104142
0.03507985167485724
-0.01004772949573008
-0.023785428414792007
0.03504037421669491
-0.013089710279145118
-0.0311830596504807
0.03501474213887027
-0.013069224847294794
-0.03918173239340613
0.03500679032134413
-0.009989392849899852
-0.04656372157270529
0.03501769442340879
-0.004319090056898766
-0.05220518649115199
0.03504581623436422
0.0030784312045664805
-0.055247264889376264
0.035086937660376655
0.011076964755779807
-0.05522682809104952
0.03513486353628507
0.018458806027527495
-0.05214698719423948
0.03518232848631027
0.02410013670752292
-0.04647662034286229
0.035222083531186756
0.027142115662213407
-0.03907898941786606
0.0352480209893146
0.027121629309620338
-0.03108031683213725
0.03525612411744214
0.024041797896272945
-0.023698327555874487
0.03524512367767517
0.018426839704412272
-0.017973573749884966
0.035217135674671676
0.01099323479875863
-0.014916655629372562
0.035175509086936736
0.0029556848670038603
-0.014937191903644897
0.03512720373966692
-0.004462165949818375
-0.01803205658544191
0.03507960332712412
-0.010131016990169517
-0.023730084047218193
0.03503993321901191
-0.01318783673448452
-0.031163801291484102
0.03501417668133131
-0.013167251349960631
-0.03920149194986659
0.0350061864142579
-0.010072395781546074
-0.046619490828172364
0.03501714347045168
-0.004374432970669156
-0.052288475090413546
0.035045401805328544
0.003059173757563802
-0.0553453929005771
0.03508672461990569
0.01109672456107223
-0.05532485647811892
0.03513488463270262
0.018514574808179033
-0.052229991893090404
0.03518258002676088
0.024183424175578914
-0.04653196471494412
0.035222528931071015
0.027240242076536948
-0.03909824778402755
0.03524859349844005
0.027219655761428575
-0.03106055728426667
0.03525673650133866
0.02412480078266037
-0.023642558308142835
0.03524568216178219
0.018482182589453118
-0.017890285155572203
0.035217554900273694
0.011012492222487801
-0.014818527622347925
0.035175726078011525
0.0029359250534122926
-0.014839163594109727
0.03512718651991986
-0.00451793474797531
-0.01794905188980431
0.03507935465194424
-0.010214304484309074
-0.023674739679469068
0.03503949217815852
-0.0132859631873538
-0.031144542932560453
0.035013611231462266
-0.01326527785271078
-0.039221251506502755
0.03500558252662165
-0.010155398713581048
-0.04667526008368782
0.03501659253490323
-0.00442977588432693
-0.0523717636896013
0.035044987356010644
0.003039916315999101
-0.05544352091063017
0.0350865106033178
0.011116484357661674
-0.05542288479054235
0.03513490468705024
0.01857034359112238
-0.05231299659131158
0.03518283123901639
0.024266711643856263
-0.046587309087118556
0.03522297428684344
0.02733836848821918
-0.03911750615012945
0.03524916601511884
0.027317682213083963
-0.03104079773625219
0.035257348905044866
0.024207803669150187
-0.02358678906040701
0.035246240663637456
0.018537525474457545
-0.017806996561320804
0.035217974133230995
0.011031749648337716
-0.014720399615043395
0.03517594271076715
0.002916165243335381
-0.014741135283971488
0.03512716870929002
-0.00457370354463084
-0.017866047193966214
0.035079105733871276
-0.010297591978192763
-0.023619395311563336
0.035039051100038986
-0.013384089637970508
-0.031125284573709302
0.03501304579323366
-0.013363304355551412
-0.03924101106329659
0.03500497865884304
-0.010238401646173604
-0.0467310293392714
0.035016041617321636
-0.004485118798035492
-0.052455052288742914
0.03504457291400398
0.003020658876577329
-0.05554164892023873
0.03508629623425982
0.011136244157795135
-0.05552091310236969
0.03513492415549917
0.01862611237547681
-0.05239600128923857
0.0351830822085749
0.024349999112325472
-0.04664265345937902
0.03522341960489452
0.027436494897432304
-0.03913676451618057
0.035249738543515347
0.02741570866458757
-0.031021038188112814
0.03525796132899673
0.02429080655586811
-0.023531019812652446
0.03524679918383456
0.018592868359400647
-0.017723707967134114
0.035218393377280235
0.011051007074915027
-0.014622271607702037
0.03517615921675723
0.002896405435060734
-0.014643106973525492
0.03512715059339701
-0.004629472340331292
-0.017783042498018382
0.035078856664012704
-0.010380879471896226
-0.023564050943523346
0.03503860999607373
-0.013482216086519916
-0.031106026214926932
0.03501248036724653
-0.013461330858486508
-0.0392607706202301
0.035004374810983306
-0.01032140457956062
-0.04678679859495056
0.03501549071777299
-0.00454046171181351
-0.052538340887842754
0.035044158482895674
0.00300140143793559
-0.05563977692962791
0.03508608174066555
0.011156003959771718
-0.05561894141388551
0.03513494332147467
0.018681881160694788
-0.052479005986966476
0.035183333026690584
0.024433286580923926
-0.04669799783172633
0.03522386489690025
0.02753462130435741
-0.039156022882185886
0.03525031108429197
0.027513735115942708
-0.031001278639866545
0.0352585737732645
0.024373809443002024
-0.02347525056485743
0.03524735772244908
0.01864821124427651
-0.017640419373011668
0.035218812632910795
0.011070264501714815
-0.01452414360041418
0.035176375679852386
0.0028766456276562067
-0.014545078662931196
0.035127132327715485
-0.004685241135480439
-0.017700037802026926
0.035078607509609325
-0.010464166965502203
-0.02350870657537185
0.03503816887897531
-0.013580342533178823
-0.031086767856210507
0.03501191495462241
-0.013559357361520469
-0.03928053017728522
0.03500377098315846
-0.010404407514070332
-0.0468425678507632
0.03501493983626458
-0.004595804625660275
-0.052621629486902646
0.035043744063151985
0.002982143999581127
-0.05573790493887693
0.035085867204987464
0.01117576376266656
-0.055716969725245855
0.03513496233909232
0.0187376499463739
-0.05256201068456609
0.03518358376052102
0.02451657404958123
-0.04675334220416339
0.0352243101757187
0.027632747709160934
-0.03917528124815075
0.035250883638615574
0.027611761567152032
-0.03098151909153111
0.03525918623797244
0.0244568123308175
-0.02341948131699137
0.035247916279494945
0.018703554129080917
-0.01755713077895188
0.03521923190018768
0.01108952192855436
-0.014426015593214825
0.03517659213036142
0.002856885820648907
-0.014447050352268924
0.03512711399114632
-0.00474100993032781
-0.017617033106031587
0.035078358312107906
-0.010547454459074937
-0.0234533622071277
0.03503772775845899
-0.013678468978113837
-0.0310675094975574
0.03501134955661537
-0.01365738386465783
-0.039300289734443244
0.03500316717549824
-0.010487410450146699
-0.04689833710676043
0.035014388972812234
-0.004651147539571596
-0.05270491808592471
0.03504332965483344
0.0029628865613363343
-0.05583603294801198
0.03508565265698608
0.011195523566010418
-0.05581499803653041
0.035134981286514586
0.01879341873226701
-0.05264501538208203
0.03518383445141398
0.02459986151824484
-0.04680868657669092
0.03522475545114775
0.0277308741119975
-0.039194539614080336
0.035251456207776706
0.02770978801821844
-0.030961759543124752
0.03525979872325788
0.024539815219678768
-0.023363712069012298
0.035248474854996034
0.018758897013808836
-0.01747384218495232
0.035219651179123346
0.01110877935536735
-0.014327887586118837
0.035176808579244115
0.0028371260138088427
-0.014349022041577309
0.03512709562209735
-0.004796778725012883
-0.01753402841005336
0.035078109094563055
-0.010630741952656751
-0.023398017838805244
0.03503728664065962
-0.013776595421479416
-0.03104825113896496
0.035010784174187036
-0.013755410367903282
-0.03932004929168395
0.03500256338810182
-0.010570413388376441
-0.046954106363010194
0.03501383812743333
-0.004706490453541565
-0.0527882066849121
0.03504291525795081
0.002943629123137315
-0.055934160957040326
0.035085438107410216
0.011215283369574761
-0.05591302634777845
0.03513500020177591
0.018849187518237425
-0.05272802007954027
0.035184085122357475
0.02468314898688346
-0.046864030949306815
0.03522520072936819
0.02782900051301309
-0.03921379797997941
0.03525202879276293
0.027807814469145077
-0.03094199999466651
0.03526041122922603
0.024622818110073486
-0.023307942820864
0.03524903344897916
0.018814239898453662
-0.017390553591009408
0.0352200704697239
0.01112803678212955
-0.014229759579133635
0.035177025030470745
0.002817366207027238
-0.014250993730874179
0.035127077238772605
-0.004852547519609145
-0.017451023714102006
0.03507785986899695
-0.010714029446273516
-0.023342673470415465
0.035036845529047116
-0.013874721863418107
-0.031028992780430413
0.03501021880794571
-0.01385343687126183
-0.039339808848984484
0.035001959621031635
-0.010653416320677825
-0.04700987561888213
0.03501328728773752
-0.004761833367562386
-0.052871495283869335
0.035042500872508944
0.0029243716849611514
-0.056032288965962566
0.03508522356014905
0.011235043173251065
-0.05601105465900903
0.035135019102899664
0.018904956304214588
-0.05281102477695551
0.035184335785336696
0.024766436455481402
-0.0469193753220069
0.03522564601387494
0.02792712691234596
-0.039233056345852106
0.03525260139419938
0.027905840919935806
-0.030922240446177418
0.03526102375594381
0.024705820995942346
-0.02325217357286849
0.035249592047994875
0.01886958278304225
-0.017307264997129593
0.03522048976958954
0.011147294208831987
-0.014131631572263745
0.03517724148548317
0.0027976064002536846
-0.014152965420167276
0.03512705884964673
-0.00490831631415406
-0.01736801901818124
0.035077610641413993
-0.010797316939940845
-0.02328732910196698
0.03503640442545245
-0.013972848304061494
-0.031009734421950746
0.03500965345823553
-0.013951463374728353
-0.03935956840637128
0.03500135587432256
-0.010736419253065479
-0.047065644874696506
0.03501273647835551
-0.004817176281638417
-0.052954783882781756
0.03504208649629388
0.0029051142467997376
-0.05613041697477706
0.03508500901661317
0.011254802976988578
-0.05610908297023163
0.03513503799827565
0.01896072509016407
-0.052894029474336246
0.0351845864463376
0.02484972392403245
-0.046974719694786005
0.03522609130651233
0.02802525331012655
-0.03925231471170197
0.03525317401244089
0.02800386737058697
-0.030902480897640514
0.035261636303449535
0.024788823881506886
-0.02319640432501122
0.03525015067866212
0.01892492566754747
-0.017223976403317888
0.035220909083169286
0.011166551635473565
-0.014033503565512091
0.035177457944421904
0.0027778465934652327
-0.014054937109459525
0.03512704045861635
-0.004964085108666553
-0.017285014322291636
0.03507736141472458
-0.010880604433668508
-0.02323198473346684
0.035035963330797976
-0.014070974743531434
-0.030990476063523197
0.03500908812523767
-0.014049489878304577
-0.03937932796383626
0.03500075214799261
-0.010819422185490002
-0.04712141413046319
0.035012185687204884
-0.004872519195793721
-0.05303807248165315
0.03504167213341
0.0028858568086523448
-0.05622854498348125
0.03508479447696123
0.011274562780763735
-0.05620711128145123
0.035135056891761496
0.01901649387606988
-0.05297703417168781
0.03518483710826189
0.024933011392535474
-0.047030064067638724
0.03522653660820976
0.028123379706477405
-0.03927157307753236
0.0352537466476756
0.028101893821100093
-0.030882721349064085
0.035262248871763956
0.02487182676687217
-0.023140635077253037
0.035250709327962704
0.018980268551979436
-0.01714068780957277
0.03522132840870984
0.011185809062049547
-0.013935375558881958
0.03517767440804924
0.002758086786651978
-0.013956908798751487
0.03512702206740441
-0.005019853903156398
-0.017202009626432306
0.03507711219030953
-0.010963891927463018
-0.02317664036492102
0.03503552224553346
-0.014169101181940862
-0.030971217705145045
0.03500852280904285
-0.014147516381992055
-0.039399087521371945
0.03500014844205033
-0.010902425117968389
-0.047177183386199265
0.03501163491417492
-0.00492786211001804
-0.05312136108048174
0.03504125778223569
0.0028665993705148875
-0.05632667299207334
0.03508457994190612
0.011294322584565857
-0.05630513959267074
0.035135075785066625
0.01907226266192526
-0.05306003886901394
0.03518508777248668
0.025016298860991742
-0.047085408440559674
0.035226981919421
0.028221506101513284
-0.039290831443346295
0.035254319299999046
0.028199920271476685
-0.030862961800455946
0.035262861460898
0.024954829652059664
-0.023084865829573555
0.035251267995778233
0.019035611436339025
-0.017057399215894043
0.035221747745963546
0.011205066488559828
-0.013837247552375571
0.035177890876364123
0.002738326979809184
-0.013858880488042692
0.035127003676871174
-0.005075622697628896
-0.01711900493060163
0.03507686296880614
-0.011047179421329137
-0.023121295996334744
0.03503508116987326
-0.014267227619394557
-0.030951959346813683
0.03500795750969472
-0.014245542885792203
-0.0394188470789716
0.034999544756499384
-0.010985428050514232
-0.04723295264191822
0.03501108415926488
-0.004983205024309326
-0.05320464967926728
0.035040843442542366
0.002847341932387449
-0.056424801000551104
0.035084365411449686
0.011314082388389435
-0.05640316790389241
0.03513509467903907
0.019128031447727855
-0.05314304356631752
0.03518533843964823
0.025099586329403636
-0.047140752813543955
0.03522742724036261
0.028319632495341123
-0.03931008980914645
0.03525489196945865
0.028297946721718103
-0.030843202251823132
0.03526347407085758
0.02503783253708561
-0.023029096581956926
0.035251826682109945
0.019090954320625738
-0.016974110622281657
0.035222167094898844
0.011224323915004586
-0.013739119545994851
0.03517810734932689
0.0027185671729350017
-0.01376085217733206
0.03512698528739436
-0.00513139149208733
-0.017036000234797736
0.03507661375051852
-0.011130466915270566
-0.023065951627712595
0.0350346401039167
-0.014365354055989685
-0.030932700988526685
0.03500739222721354
-0.014343569389706271
-0.03943860663662899
0.034998941091341065
-0.011068430983137948
-0.04728872189763022
0.035010533422474364
-0.005038547938666667
-0.05328793827800977
0.03504042911430017
0.0028280844942703037
-0.05652292900891256
0.03508415088555639
0.011333842192231807
-0.05650119621511804
0.035135113574051816
0.019183800233477318
-0.053226048263601104
0.0351855891100496
0.025182873797773862
-0.047196097186586926
0.0352278725711354
0.02841775888806055
-0.03932934817493534
0.03525546465607764
0.02839597317182561
-0.030823442703171944
0.035264086701646054
0.02512083542196245
-0.022973327334390847
0.03525238538695953
0.019146297204838868
-0.01689082202873549
0.035222586455512205
0.011243581341383932
-0.01364099153974145
0.035178323826918156
0.0026988073660288788
-0.01366282386661816
0.03512696689913486
-0.005187160286533976
-0.01695299553901861
0.03507636453558719
-0.011213754409290372
-0.023010607259058728
0.03503419904771085
-0.014463480491816309
-0.03091344263028176
0.03500682696160802
-0.0144415958937354
-0.03945836619433853
0.034998337446575364
-0.011151433915847365
-0.047344491153343195
0.03500998270380277
-0.005093890853089231
-0.05337122687670945
0.03504001479750486
0.002808827056163548
-0.05662105701715598
0.035083936364208514
0.011353601996091603
-0.0565992245263494
0.03513513247026436
0.0192395690191742
-0.053309052960866986
0.03518583978383087
0.025266161266105067
-0.047251441559684366
0.03522831791178743
0.028515885279764057
-0.03934860654071537
0.03525603735986751
0.028493999621800402
-0.03080368315450844
0.03526469935326547
0.025203838306699693
-0.02291755808686595
0.03525294411032834
0.019201640088977623
-0.01680753343525531
0.03522300582780372
0.011262838767697963
-0.013542863533616776
0.03517854030913047
0.002679047559090812
-0.01356479555589935
0.03512694851216117
-0.005242929080970622
-0.01686999084326227
0.035076115324075154
-0.011297041903391198
-0.022955262890376745
0.035033758001277476
-0.014561606926957786
-0.03089418427207679
0.035006261712881674
-0.014539622397880566
-0.03947812575209508
0.03499773382220181
-0.011234436848648357
-0.04740026040906293
0.03500943200324924
-0.0051492337675762105
-0.053454515475366476
0.03503960049215557
0.002789569618067184
-0.05671918502527998
0.03508372184739903
0.011373361799968014
-0.05669725283758828
0.03513515136774479
0.01929533780481954
-0.053392057658117255
0.03518609046105504
0.025349448734399784
-0.047306785932832524
0.035228763262341194
0.02861401167053746
-0.039367864906488775
0.035256610080834354
0.02859202607164353
-0.030783923605837864
0.035265312025717394
0.025286841191304466
-0.022861788839375077
0.035253502852217455
0.019256982973041185
-0.016724244841840867
0.03522342521177396
0.0112820961939468
-0.013444735527622003
0.03517875679596128
0.0026592877521210236
-0.013466767245173816
0.03512693012650272
-0.005298697875398808
-0.01678698614752676
0.035075866116010254
-0.011380329397575325
-0.022899918521669935
0.0350333169646262
-0.014659733361491163
-0.030874925913909765
0.03500569648103561
-0.014637648902142735
-0.039497885309894065
0.034997130218219596
-0.011317439781545192
-0.04745602966479391
0.035008881320812944
-0.005204576682126766
-0.053537804073981184
0.03503918619825176
0.0027703121799811043
-0.056817313033283405
0.03508350733512533
0.011393121603860456
-0.05679528114883651
0.03513517026652244
0.019351106590414537
-0.05347506235535395
0.03518634114175006
0.02543273620266031
-0.04736213030602796
0.03522920862280706
0.028712138060460222
-0.03938712327225754
0.03525718281898161
0.028690052521355973
-0.03076416405716498
0.03526592471900307
0.025369844075782123
-0.022806019591912804
0.03525406161262792
0.01931232585702872
-0.016640956248491795
0.03522384460742344
0.011301353620130626
-0.01334660752175802
0.035178973287409904
0.0026395279451198253
-0.013368738934439656
0.0351269117421724
-0.0053544666698199465
-0.01670398145181017
0.03507561691140472
-0.011463616891844764
-0.022844574152941204
0.03503287593776116
-0.014757859795487618
-0.030855667555778853
0.03500513126606972
-0.014735675406522718
-0.03951764486773135
0.03499652663462788
-0.01140044271454093
-0.04751179892053933
0.03500833065649296
-0.0052599195967400715
-0.05362109267255395
0.035038771915792966
0.002751054741905163
-0.056915441041165346
0.03508329282738649
0.011412881407768471
-0.05689330946009608
0.03513518916661021
0.01940687537596044
-0.05355806705257903
0.03518659182592836
0.025516023670888753
-0.0474174746792676
0.03522965399318986
0.028810264449605865
-0.03940638163802359
0.03525775557431147
0.028788078970938585
-0.03074440450849415
0.035266537433123635
0.025452846960136513
-0.02275025034447517
0.03525462039156073
0.01936766874093943
-0.016557667655207678
0.03522426401475276
0.011320611046249636
-0.01324847951602548
0.035179189783476374
0.0026197681380875594
-0.013270710623694842
0.03512689335917603
-0.005410235464235364
-0.0166209767561107
0.035075367710264045
-0.01154690438620127
-0.022789229784193128
0.03503243492068402
-0.014855986229012684
-0.030836409197682386
0.0350045660679833
-0.014833701911021253
-0.03953740442560324
0.034995923071425725
-0.011483445647637779
-0.04756756817630159
0.0350077800102884
-0.005315262511415292
-0.05370438127108518
0.03503835764477863
0.0027317973038391286
-0.057013569048925156
0.035083078324182185
0.01143264121169164
-0.056991337771368986
0.03513520806801384
0.019462644161458525
-0.05364107174979429
0.03518684251359553
0.02559931113908697
-0.047472819052548756
0.0352300993734919
0.028908390838042135
-0.039425640003788676
0.0352583283468255
0.028886105420392147
-0.03072464495982933
0.03526715016808014
0.025535849844370455
-0.022694481097059262
0.03525517918901691
0.01942301162477252
-0.016474379061988086
0.035224683433762435
0.011339868472304112
-0.013150351510424796
0.035179406284161
0.002600008331024581
-0.013172682312937252
0.03512687497751645
-0.005466004258646338
-0.016537972060426582
0.03507511851259069
-0.0116301918806464
-0.02273388541542802
0.035031993913395405
-0.014954112662126658
-0.03081715083961879
0.035004000886775605
-0.014931728415638976
-0.03955716398350646
0.0349953195286121
-0.011566448580837243
-0.047623337432082344
0.03500722938219836
-0.005370605426151619
-0.05378766986957542
0.03503794338520834
0.00271253986578274
-0.05711169705656243
0.035082863825512324
0.01145240101562958
-0.057089366082657404
0.03513522697073611
0.019518412946909997
-0.05372407644700151
0.035187093204754244
0.025682598607256645
-0.047528163425868936
0.035230544763714386
0.029006517225831537
-0.03944489836955435
0.03525890113652499
0.028984131869717364
-0.030704885411173943
0.03526776292387363
0.025618852728485873
-0.022638711849662915
0.03525573800499736
0.01947835450852718
-0.016391090468832536
0.03522510286445309
0.01135912589829437
-0.013052223504956136
0.03517962278946416
0.0025802485239312515
-0.013074654002164707
0.03512685659719517
-0.005521773053054097
-0.016454967364756143
0.035074869318385916
-0.011713479375181468
-0.022678541046647918
0.035031552915895395
-0.015052239094884946
-0.030797892481586618
0.03500343572244561
-0.0150297549203765
-0.03957692354143807
0.034994716006186054
-0.011649451514140312
-0.047679106687882826
0.03500667877222188
-0.005425948340948257
-0.05387095846802511
0.03503752913708154
0.0026932824277356624
-0.05720982506407704
0.03508264933137693
0.011472160819581897
-0.05718739439396349
0.03513524587477842
0.019574181732316096
-0.053807081144202365
0.035187343899405886
0.025765886075399206
-0.04758350779922597
0.03523099016385812
0.02910464361303155
-0.03946415673532225
0.0352594739434111
0.029082158318914867
-0.030685125862531127
0.035268375700505186
0.02570185561248412
-0.02258294260228456
0.035256296839503
0.01953369739220266
-0.016307801875740477
0.03522552230682521
0.011378383324220788
-0.012954095499619449
0.03517983929938631
0.0025604887168079143
-0.012976625691374954
0.03512683821821313
-0.00557754184745981
-0.016371962669097812
0.03507462012765042
-0.011796766869807684
-0.022623196677854604
0.03503111192818397
-0.015150365527338245
-0.03077863412358454
0.0350028705749924
-0.015127781425234294
-0.03959668309939552
0.03499411250414664
-0.011732454447547605
-0.047734875943704
0.0350061281803581
-0.005481291255804465
-0.05395424706643476
0.03503711490039778
0.0026740249896975324
-0.05730795307146898
0.03508243484177602
0.011491920623548252
-0.05728542270528948
0.03513526478014163
0.019629950517677946
-0.05389008584139845
0.03518759459755127
0.025849173543515975
-0.04763885217261797
0.0352314355739236
0.029202769999694907
-0.039483415101093614
0.03526004676748491
0.02918018476798511
-0.030665366313903524
0.03526898849797576
0.02578485849636609
-0.02252717335492312
0.03525685569253485
0.019589040275798233
-0.016224513282711343
0.03522594176087942
0.011397640750083787
-0.01285596749441445
0.03518005581392788
0.0025407289096549173
-0.01287859738056567
0.035126819840570984
-0.005633310641864608
-0.016288957973450098
0.03507437094038464
-0.011880054364526063
-0.02256785230904968
0.03503067095026093
-0.015248491959532932
-0.030759375765611375
0.03500230544441502
-0.01522580793021286
-0.03961644265737652
0.034993509022492805
-0.01181545738105953
-0.047790645199546344
0.035005577606606116
-0.005536634170719487
-0.05403753566480501
0.035036700675156546
0.0026547675516679073
-0.057406081078738555
0.03508222035670965
0.011511680427528276
-0.057383451016637714
0.03513528368682633
0.019685719302996684
-0.05397309053859126
0.03518784529919098
0.025932461011608038
-0.047694196546043295
0.03523188099391132
0.029300896385869926
-0.03950267346686974
0.035260619608747476
0.02927821121692863
-0.030645606765293647
0.03526960131628642
0.02586786138013234
-0.022471404107577777
0.03525741456409376
0.01964438315931318
-0.01614122468974454
0.03522636122661628
0.011416898175883832
-0.012757839489340644
0.03518027233308929
0.002520969102472592
-0.012780569069734501
0.035126801464269344
-0.005689079436269578
-0.016205953277811574
0.03507412175658894
-0.011963341859337472
-0.02251250794023454
0.0350302299821261
-0.015346618391511321
-0.030740117407665992
0.03500174033071259
-0.015323834435312536
-0.03963620221537909
0.03499290556122358
-0.011898460314676304
-0.04784641445541037
0.035005027050965
-0.005591977085692611
-0.05412082426313641
0.03503628646135728
0.0026355101136463217
-0.05750420908588632
0.03508200587617789
0.011531440231521643
-0.05748147932801058
0.03513530259483298
0.019741488088273387
-0.05405609523578217
0.035188096004325466
0.02601574847967639
-0.047749540919500455
0.03523232642382168
0.029399022771600756
-0.03952193183265173
0.03526119246719974
0.029376237665745826
-0.030625847216703587
0.03527021415543818
0.025950864263783225
-0.022415634860247988
0.03525797345418074
0.019699726042746807
-0.01605793609683947
0.03522678070403631
0.011436155601621463
-0.012659711484397334
0.03518048885687097
0.0025012092952612698
-0.012682540758879049
0.035126783089308736
-0.005744848230675746
-0.016122948582180954
0.035073872576263564
-0.012046629354242635
-0.02245716357141036
0.03502978902377925
-0.015444744823311892
-0.030720859049747414
0.035001175233884144
-0.015421860940533683
-0.03965596177340148
0.03499230212033799
-0.011981463248398003
-0.04790218371129645
0.035004476513433844
-0.005647320000723175
-0.054204112861429614
0.03503587225899959
0.002616252675632237
-0.057602337092912945
0.035081791400180716
0.011551200035528012
-0.057579507639410436
0.035135321504162036
0.019797256873509066
-0.05413909993297258
0.03518834671295519
0.026099035947721824
-0.047804885292988104
0.03523277186365508
0.029497149156927617
-0.039541190198440636
0.03526176534284273
0.029474264114437106
-0.030606087668135214
0.03527082701543204
0.026033867147318902
-0.022359865612933356
0.035258532362796684
0.019755068926098494
-0.015974647503995486
0.035227200193140094
0.011455413027297244
-0.012561583479583619
0.03518070538527341
0.0024814494880212724
-0.012584512447996897
0.03512676471568963
-0.005800617025084102
-0.016039943886556985
0.03507362339940883
-0.012129916849242193
-0.02240181920257821
0.03502934807522017
-0.015542871254969523
-0.030701600691854767
0.03500061015392882
-0.015519887445876573
-0.039675721331442246
0.034991698699835046
-0.01206446618222465
-0.047957952967204745
0.03500392599401173
-0.005702662915810518
-0.05428740145968524
0.03503545806808293
0.0025969952376250736
-0.057700465099819326
0.0350815769287182
0.011570959839547038
-0.05767753595083968
0.03513534041481387
0.0198530256587047
-0.05422210463016365
0.03518859742508052
0.026182323415745046
-0.047860229666505126
0.03523321731341189
0.029595275541887206
-0.03956044856423742
0.03526233823567733
0.02957229056300273
-0.030586328119590216
0.03527143989626906
0.026116870030739446
-0.02230409636563361
0.03525909128994252
0.01981041180936755
-0.015891358911211902
0.03522761969392818
0.011474670452911787
-0.012463455474898409
0.03518092191829702
0.002461689680752917
-0.01248648413708561
0.035126746343412535
-0.005856385819495585
-0.015956939190938543
0.03507337422602499
-0.012213204344336643
-0.022346474833739034
0.035028907136448635
-0.015640997687942883
-0.03068234233394404
0.035000045090837276
-0.015617913951341508
-0.0396954808895001
0.03499109529971373
-0.012147469116156231
-0.04801372222313548
0.03500337549269783
-0.00575800583095403
-0.05437069005790401
0.035035043888606746
0.002577737799624227
-0.05779859310660656
0.0350813624617904
0.011590719643578414
-0.0577755642623008
0.035135359326788906
0.01990879444386124
-0.0543051093273566
0.03518884814070184
0.02626561088374667
-0.04791557404005054
0.03523366277309253
0.029693401932691793
-0.03957970693025704
0.03526291114574157
0.029670317011443015
-0.030566568571069888
0.03527205279795024
0.026199872914044832
-0.022248327118348486
0.03525965023561923
0.01986575469255344
-0.01580807031848807
0.03522803920640111
0.011493927878465763
-0.012365327470340425
0.03518113845594224
0.002441929873456508
-0.012388455826142739
0.035126727972477935
-0.005912154613911084
-0.01587393449532456
0.0350731250561123
-0.012296491839522616
-0.022291130464887874
0.035028466207464456
-0.01573912411893082
-0.03066308397612104
0.03499948004462838
-0.015715940456927112
-0.03971524044758158
0.034990491919973075
-0.01223047205019265
-0.04806949147908887
0.03500282500949115
-0.005813348746153137
-0.05445397865608656
0.03503462972057065
0.002558480361629024
-0.05789672111327596
0.03508114799939733
0.01161047944762183
-0.057873592573796234
0.035135378240087486
0.019964563228979524
-0.05438811402455245
0.03518909885981954
0.02634889835171068
-0.04797091841364831
0.03523410824269724
0.029791528316546547
-0.03959896529605159
0.035263484072959414
0.029768343459751503
-0.030546809022542153
0.03527266572047659
0.026282875797235056
-0.022192557871077823
0.03526020919982772
0.019921097575655612
-0.015724781725823284
0.03522845873055948
0.011513185303959861
-0.012267199465908226
0.0351813549982095
0.002422170066132351
-0.012290427515165854
0.03512670960288629
-0.005967923408331425
-0.01579092979971406
0.035072875889671014
-0.012379779334805514
-0.02223578609603308
0.03502802528826737
-0.015837250549804945
-0.030643825618322414
0.03499891501529038
-0.01581396696263565
-0.03973500000567551
0.03498988856061206
-0.012313474984333831
-0.04812526073506501
0.03500227454439083
-0.0058686916614072784
-0.05453726725423362
0.03503421556397402
0.0025392229236387664
-0.05799484911982897
0.035080933541539044
0.011630239251676968
-0.05797162088532841
0.035135397154709994
0.020020332014060362
-0.05447111872175218
0.035189349582433964
0.026432185819655292
-0.048026262787270936
0.03523455372222651
0.029889654699990994
-0.03961822366185322
0.035264057017370815
0.0298663699079356
-0.03052704947404401
0.035273278663849154
0.026365878680309998
-0.022136788623821384
0.035260768182568916
0.019976440458673552
-0.01564149313321682
0.03522887826640381
0.011532442729394828
-0.012169071461600194
0.03518157154509924
0.00240241025878074
-0.012192399204152535
0.03512669123463809
-0.006023692202757399
-0.015707925104106187
0.03507262672670134
-0.012463066830185731
-0.02218044172717542
0.03502758437885714
-0.01593537698069594
-0.030624567260544525
0.0349983500028218
-0.015911993468467323
-0.039754759563780745
0.03498928522162973
-0.012396477965270608
-0.04818103003406431
0.03500172409707456
-0.005924034576715945
-0.054620555852345896
0.03503380141881646
0.0025199654856526876
-0.058092977126267174
0.035080719088215556
0.011649999055743546
-0.05806964919689971
0.035135416070656796
0.02007610079910455
-0.0545541234189567
0.03518960030854553
0.026515473287581127
-0.04808160716091722
0.03523499921168073
0.029987781083230466
-0.039637482027668036
0.035264629978977675
0.0299643963559956
-0.03050728992557701
0.03527389162806893
0.026448881563269598
-0.02208101937657908
0.03526132718384374
0.020031783341606758
-0.015558204540667933
0.03522929781393471
0.01155170015477146
-0.012070943457414574
0.0351817880966119
0.0023826504514019692
-0.01209437089310037
0.03512667286773379
-0.0060794609971897605
-0.01562492040850015
0.0350723775672036
-0.012546354325663304
-0.02212509735831516
0.03502714347923353
-0.0160335034116421
-0.03060530890278649
0.03499778500722176
-0.01601001997448209
-0.039774519121599995
0.034988681903025
-0.012479480922921182
-0.048236799311547555
0.03500117366802386
-0.0059793774917919085
-0.05470384445061463
0.03503338728509918
0.002500708047670028
-0.05819110513259236
0.03508050463942689
0.011669758859821239
-0.058167677508512546
0.03513543498792828
0.020131869584112783
-0.05463712811616683
0.035189851038154585
0.02659876075548829
-0.048136951534586886
0.035235444711060285
0.030085907466313733
-0.0396567403934972
0.03526520295778108
0.03006242280393159
-0.030487530377141556
0.03527450461313697
0.026531884486661158
-0.022025250092015513
0.03526188620393664
0.020087126224206834
-0.015474915948011153
0.035229717373151614
0.011570957580090552
-0.01197281545334944
0.035182004652747914
0.002362890643996323
-0.011996342582006993
0.03512665450217388
-0.006135229791629212
-0.015541915712895234
0.03507212841117796
-0.012629641821238137
-0.022069752989452438
0.035026702589396344
-0.01613162984266153
-0.030586050545047462
0.03499722002848942
-0.01610804648064955
-0.03979427867928379
0.03498807860479697
-0.012562483867440593
-0.048292568576864404
0.03500062325716789
-0.00603472040678018
-0.054787133048943996
0.03503297316282057
0.002481450609690663
-0.058289233138806636
0.035080290195173135
0.011689518663909777
-0.058265705820169364
0.035135453906524824
0.020187638369085797
-0.05472013281338323
0.03519010177126148
0.02668204822337677
-0.04819229590827979
0.03523589022036556
0.030184033849262094
-0.03967599875934102
0.03526577595378185
0.030160449251795358
-0.030467770828994767
0.035275117619054316
0.02661488738914888
-0.021969480826604798
0.0352624452424197
0.020142469106602005
-0.0153916273553312
0.03523013694405542
0.011590215005352345
-0.011874687449402625
0.03518222121350776
0.0023431308365640907
-0.011898314270870071
0.035126636137958786
-0.006190998586076404
-0.015458911017290819
0.035071879258624705
-0.012712929316910095
-0.022014408620587317
0.035026261709345315
-0.016229756273764676
-0.030566792187327038
0.03499665506662407
-0.016206072986952626
-0.03981403823691677
0.0349874753269446
-0.012645486805484852
-0.048348337836143916
0.03500007286445996
-0.0060900633217621245
-0.05487042164728036
0.03503255905197972
0.0024621931717140953
-0.05838736114491203
0.03508007575545428
0.011709278468008856
-0.05836373413187246
0.03513547282644676
0.02024340715402423
-0.05480313751060656
0.03519035250786658
0.026765335691246443
-0.04824764028199585
0.03523633573959689
0.03028216023208738
-0.039695257125200153
0.0352663489669808
0.03025847569956003
-0.03044801128100338
0.035275730645822005
0.026697890280002818
-0.02191371157181375
0.03526300429935869
0.020197811988862734
-0.015308338762674397
0.035230556526647104
0.011609472430557441
-0.011776559445571893
0.03518243777889181
0.002323371029105546
-0.011800285959687318
0.03512661777508901
-0.006246767380531956
-0.015375906321686368
0.035071630109544075
-0.012796216812679033
-0.021959064251719812
0.035025820839080256
-0.01632788270495802
-0.030547533829625138
0.03499609012162496
-0.016304099493382896
-0.03983379779454082
0.034986872069466955
-0.012728489740971795
-0.048404107092994725
0.034999522489872176
-0.006145406236777743
-0.05495371024559769
0.03503214495257594
0.002442935733739574
-0.05848548915091081
0.035079861320270335
0.011729038272118202
-0.05846176244362408
0.03513549174769447
0.020299175938928687
-0.054886142207837385
0.03519060324797028
0.026848623159097154
-0.048302984655735036
0.03523678126875468
0.030380286614796866
-0.03971451549107484
0.03526692199737867
0.03035650214721087
-0.030428251733094016
0.03527634369344097
0.02678089316519587
-0.021857942322143244
0.03526356337479631
0.02025315487102254
-0.015225050170062478
0.03523097612092748
0.011628729855706642
-0.011678431441854924
0.0351826543489005
0.0023036112216209647
-0.011702257648456508
0.035126599413565
-0.006302536174996426
-0.015292901626081398
0.03507138096393629
-0.012879504308544775
-0.021903719882849948
0.03502537997860095
-0.01642600913624566
-0.03052827547194182
0.03499552519349141
-0.016402125999936953
-0.039853557352172775
0.034986268832363034
-0.01281149267582454
-0.04845987634918865
0.03499897213339042
-0.006200749151842904
-0.05503699884388594
0.03503173086460866
0.0024236782957662057
-0.05858361715680525
0.035079646889621334
0.011748798076237545
-0.0585597907554265
0.035135510670268315
0.020354944723799735
-0.054969146905076136
0.03519085399157289
0.026931910626928773
-0.048358329029497306
0.03523722680783928
0.030478412997395225
-0.03973377385696508
0.03526749504497623
0.03045452859474077
-0.0304084921852315
0.03527695676191231
0.026863896048148903
-0.021802173074442956
0.03526412246875738
0.02030849775309395
-0.015141761577503219
0.03523139572689716
0.011647987280800853
-0.01158030343824931
0.03518287092353427
0.002283851414110614
-0.01160422933717546
0.03512658105338719
-0.0063583049694703455
-0.015209896930475524
0.03507113182180159
-0.01296279180450711
-0.021848375513977752
0.03502493912790712
-0.016524135567630202
-0.03050901711427718
0.0349949602822227
-0.01650015250661383
-0.03987331690981729
0.03498566561563182
-0.012894495610696659
-0.04851564560532815
0.03499842179500924
-0.006256092066961743
-0.05512028744214296
0.035031316788077395
0.002404420857793051
-0.05868174516259778
0.0350794324635073
0.011768557880366584
-0.058657819067281895
0.03513552959416864
0.020410713508637875
-0.055052151602323234
0.03519110473867479
0.027015198094741094
-0.04841367340328275
0.03523767235685106
0.030576539379885404
-0.03975303222287079
0.0352680681097742
0.030552555042146972
-0.03038873263740238
0.03527756985123698
0.026946898930458752
-0.021746403827241852
0.03526468158125402
0.020363840635079865
-0.015058472984997939
0.035231815344556744
0.01166724470584107
-0.011482175434752545
0.0351830875027935
0.0022640916065747633
-0.011506201025842095
0.035126562694556066
-0.0064140737639541935
-0.015126892234868412
0.03507088268314022
-0.013046079300565817
-0.02179303114510321
0.03502449828699858
-0.01662226199911329
-0.030489758756631402
0.03499439538781813
-0.0165981790134134
-0.039893076467475044
0.034985062419272364
-0.012977498545730522
-0.04857141486154467
0.03499787147472678
-0.006311434982134443
-0.05520357604036927
0.03503090272298163
0.002385163419819111
-0.05877987316829092
0.03507921804192825
0.011788317684505065
-0.05875584737919236
0.035135548519395786
0.020466482293443607
-0.05513515629957899
0.03519135548927632
0.027098485562533952
-0.04846901777709131
0.03523811791579039
0.03067466576226934
-0.03977229058879185
0.035268641191773316
0.030650581489428796
-0.030368973089603422
0.03527818296141605
0.027029901884811632
-0.0216906345096699
0.03526524071279947
0.020419183516534913
-0.014975184392250122
0.035232234973904805
0.011686502130828292
-0.011384047431362036
0.035183304086678684
0.002244331799013682
-0.011408172714454367
0.03512654433707204
-0.006469842558448419
-0.015043887539259813
0.035070633547952396
-0.013129366796720675
-0.021737686776226343
0.0350240574558751
-0.01672038843069592
-0.030470500399004605
0.034993830510277026
-0.016696205520335714
-0.03991283602514568
0.034984459243283646
-0.013060501482913836
-0.04862718411967233
0.03499732117252846
-0.006366777897360376
-0.05528686463856584
0.035030488669320826
0.0023659059818433746
-0.05887800117388727
0.0350790036248842
0.011808077488652707
-0.05885387569115985
0.03513556744595012
0.020522251078217334
-0.05521816099684369
0.03519160624337785
0.027181773030307124
-0.04852436215092301
0.03523856348465762
0.03077279214454822
-0.039791548954728063
0.03526921429097432
0.030748607936676872
-0.03034921354228421
0.0352787960924506
0.027112904767026234
-0.021634865262369143
0.03526579986237837
0.020474526397904924
-0.014891895799555343
0.03523265461494354
0.01170575955576246
-0.01128591942807489
0.035183520675190275
0.002224571991427632
-0.011310144403010342
0.0351265259809356
-0.006525611352953437
-0.014960882843649515
0.035070384416238366
-0.013212654292971466
-0.02168234240734714
0.035023616634536396
-0.01681851486237871
-0.030451242041396993
0.03499326564959868
-0.01679423202738327
-0.039932595582816754
0.0349838560876647
-0.013143504431610262
-0.048682953388361365
0.034996770888348905
-0.006422120812627114
-0.05537015323674159
0.035030074627094614
0.002346648543864816
-0.058976129179389526
0.035078789212375165
0.011827837292809255
-0.0589519040031864
0.03513558637383198
0.020578019862959485
-0.05530116569411756
0.03519185700097973
0.027265060498060403
-0.048579706524777846
0.03523900906345316
0.030870918526722566
-0.03981080732068025
0.03526978740737794
0.030846634383800333
-0.030329453994993923
0.03527940924434156
0.027195907652714943
-0.021579096011768443
0.035266359030524434
0.020529869279168406
-0.01480860720689865
0.03523307426767372
0.011725016980644636
-0.011187791424888353
0.03518373726832861
0.0022048121838168693
-0.011212116091508156
0.03512650762614716
-0.006581380147469624
-0.01487787814803739
0.03507013528799833
-0.013295941789317972
-0.021626998038465628
0.035023175822982325
-0.016916641294161986
-0.03043198368380868
0.034992700805782415
-0.01689225853457016
-0.03995235514041836
0.034983252952414494
-0.01322650741471575
-0.048738722688793965
0.034996220622029596
-0.0064774637278669465
-0.05545344183494217
0.035029660596302865
0.0023273911058823977
-0.0590742571848004
0.03507857480440117
0.011847597096974425
-0.05904993231527385
0.03513560530304173
0.02063378864767045
-0.05538417039140069
0.035192107762082286
0.027348347965793548
-0.048635050898655836
0.03523945465217736
0.03096904490879285
-0.03983006568664813
0.03527036054098488
0.030944660830803505
-0.03030969444775446
0.035280022417089975
0.027278910555278608
-0.02152332674548507
0.03526691821733235
0.020585212160225023
-0.014725318614212737
0.03523349393209548
0.01174427440547584
-0.01108966342179961
0.03518395386609413
0.0021850523761816625
-0.011114087779946036
0.03512648927270718
-0.006637148941997318
-0.014794873452423354
0.035069886163232505
-0.013379229285759943
-0.021571653669581862
0.035022735021212587
-0.017014767726045946
-0.03041272532623969
0.034992135978827554
-0.01699028504193838
-0.03997211469774189
0.034982649837532
-0.013309510350106978
-0.048794491945053114
0.03499567037413499
-0.0065328066428778225
-0.055536730433302525
0.0350292465769463
0.0023081336678952478
-0.05917238519012276
0.035078360400962245
0.011867356901147964
-0.05914796062742396
0.03513562423357971
0.020689557432350535
-0.055467175088693185
0.03519235852668588
0.027431635433506338
-0.048690395272556954
0.03523990025083056
0.031067171290759314
-0.03984932405263167
0.0352709336917959
0.031042687277707377
-0.030289934900669307
0.03528063561069687
0.02736191350532677
-0.021467557435189542
0.03526747742301729
0.02064055504079574
-0.014642030021311479
0.03523391360820812
0.011763531830256876
-0.010991535418805742
0.03518417046848726
0.0021652925685222714
-0.011016059468322318
0.0351264709206161
-0.006692917736536856
-0.01471186875680737
0.035069637041941173
-0.013462516782297115
-0.021516309300695816
0.035022294229227015
-0.01711289415803062
-0.03039346696868955
0.03499157116873341
-0.01708831154942885
-0.03999187425508058
0.03498204674301632
-0.013392513285601855
-0.04885026120133667
0.034995120144334986
-0.006588149557942911
-0.05562001903163522
0.035028832569022464
0.0022888762299029643
-0.05927051319535962
0.03507814600205843
0.01188711670532959
-0.059245988939638415
0.03513564316544627
0.020745326217000083
-0.0555501797859951
0.03519260929479082
0.027514922901198564
-0.04874573964648118
0.035240345859413144
0.031165297672622126
-0.03986858241863086
0.03527150685981169
0.031140713724569967
-0.03027017535402677
0.035281248825163335
0.02744491638689504
-0.0214117881881069
0.03526803664676875
0.020695897921283877
-0.014558741428462113
0.03523433329601366
0.011782789254987885
-0.010893407415903644
0.03518438707550847
0.002145532760838948
-0.010918031156635422
0.035126452569874345
-0.0067486865310885285
-0.014628864061189436
0.03506938792412452
-0.013545804278929263
-0.021460964931807564
0.03502185344702532
-0.017211020590116054
-0.03037420861115846
0.034991006375499255
-0.01718633805704155
-0.0400116338124345
0.03498144366886645
-0.013475516221200454
-0.04890603045764483
0.034994569932628686
-0.006643492473062051
-0.05570330762994107
0.03502841857253105
0.0022696187919044406
-0.059368641200513876
0.03507793160768967
0.01190687650951905
-0.059344017251918776
0.035135662098641725
0.020801095001619373
-0.05563318448330646
0.035192860066397484
0.027598210368870012
-0.04880108402042853
0.035240791477925484
0.03126342405438116
-0.0398878407846464
0.03527208004503298
0.031238740171307094
-0.03025041580740941
0.0352818620604903
0.027527919268346843
-0.02135601894103662
0.03526859588906598
0.02075124080168925
-0.014475452835663837
0.035234752995513
0.011802046679670008
-0.01079527941309038
0.03518460368715811
0.0021257729531319576
-0.010820002844883877
0.035126434220482367
-0.00680445532565261
-0.014545859365569605
0.03506913880978274
-0.013629091775656127
-0.021405620562917123
0.035021412674607295
-0.017309147111255453
-0.030354950250411548
0.03499044159859793
-0.01728436456477647
-0.04003139336980364
0.03498084061508136
-0.013558519156903042
-0.048961799713977995
0.03499401973901515
-0.006698835388235096
-0.055786596228220936
0.03502800458747159
0.002250361353898561
-0.059466769205588514
0.03507771721785598
0.011926636313716066
-0.05944204556426653
0.03513568103316643
0.020856863786208664
-0.05571618918062718
0.0351931108415062
0.027681497836520408
-0.04885642839439896
0.03524123710636791
0.03136155043603649
-0.03990709915067809
0.035272653247460484
0.03133676661791885
-0.030230656260817196
0.03528247531667881
0.02761092214968232
-0.021300249693978437
0.03526915514990995
0.020806583682011725
-0.014392164242915794
0.03523517270670672
0.011821304104304372
-0.010697151410362963
0.0351848203034366
0.0021060131454015557
-0.010721974533066317
0.03512641587244058
-0.006860224120229355
-0.014462854669947962
0.035068889698916084
-0.013712379272256199
-0.02135027619369158
0.03502097191197438
-0.01740727358698245
-0.030335691891305253
0.03498987683882475
-0.01738239107254347
-0.040051152927635135
0.0349802375816602
-0.013641522092710365
-0.04901756897033699
0.034993469563493494
-0.006754178303461942
-0.05586988482647563
0.035027590613843584
0.002231103915884187
-0.059564897210586484
0.03507750283255738
0.011946396117920383
-0.059540073876683024
0.0351356999690207
0.020912632570768207
-0.0557991938779572
0.0351933616201173
0.02776478530414952
-0.04891177276839248
0.03524168274474083
0.031459676889662856
-0.0399263575193734
0.03527322646752764
0.03143479306440513
-0.03021089671425021
0.03528308859372987
0.027693925030901977
-0.02124448044693174
0.03526971442930158
0.02086192656225119
-0.014308875650217137
0.035235592429595404
0.011840561528892115
-0.010599023407718403
0.03518503692434438
0.0020862533376479996
-0.010623946221181492
0.035126397525749434
-0.0069159929586470395
-0.014379849909709141
0.03506864059132621
-0.013795666768843693
-0.021294931824303247
0.035020531159125456
-0.01750540003764135
-0.030316433533139835
0.03498931209605849
-0.017480417580389238
-0.040070912485697587
0.034979634568601925
-0.013724525028623445
-0.04907333822672412
0.034992919406062827
-0.006809521218742462
-0.055953173424706015
0.0350271766516465
0.0022118464778601962
-0.059663025215510826
0.03507728845179387
0.011966155922131724
-0.05963810218916953
0.03513571890620489
0.02096840140013755
-0.0558821986413971
0.03519361240243118
0.0278480727715785
-0.04896711714267776
0.03524212839304323
0.03155780330573737
-0.03994561588673512
0.035273799704577655
0.03153281951069326
-0.03019113716734758
0.035283701891644405
0.02777692791200702
-0.0211887111998953
0.0352702737272418
0.020917269442407526
-0.01422558705756704
0.03523601216417959
0.011859818953434397
-0.010500895405153697
0.03518525354988185
0.0020664935302404227
-0.010525917909153892
0.035126379180411636
-0.006971761768789584
-0.01429684519115846
0.03506839148734085
-0.013878954265690285
-0.021239587455161506
0.03502009041605852
-0.017603526476231198
-0.030297175175451142
0.034988747370221486
-0.017578444180496422
-0.04009067207801857
0.03497903157532293
-0.013807527964645072
-0.04912910748314275
0.0349923692667222
-0.0068648641340765875
-0.0560364620229129
0.03502676270087988
0.00219258903982547
-0.0597611532203645
0.03507707407556546
0.011985915725972483
-0.059736130501803264
0.035135737844716984
0.021024170200789997
-0.05596520336256986
0.03519386318812092
0.02793136023911468
-0.049022461516791765
0.03524257405127806
0.031655929701298643
-0.039964874253357575
0.03527437295871352
0.031630845956821356
-0.030171377620298884
0.035284315210423536
0.02785993079299952
-0.021132941952866028
0.03527083304373157
0.020972612322480638
-0.014142298464964639
0.03523643191045987
0.011879076377933078
-0.010402767402665965
0.035185470180049444
0.002046733722939092
-0.010427889597030861
0.03512636083642612
-0.007027530564977659
-0.014213840493206205
0.03506814238689423
-0.01396224176268999
-0.021184243086107283
0.03501964968277383
-0.017701652910095986
-0.03027791681753714
0.0349881826612701
-0.01767647068856639
-0.04011043163622882
0.034978428602987346
-0.013890530900503344
-0.04918487674001105
0.03499181914547193
-0.006920207049464234
-0.05611975062109709
0.03502634876154317
0.0021733316017781136
-0.05985928122515039
0.03507685970387215
0.012005675529685782
-0.05983415881453618
0.035135756784558804
0.0210799389870357
-0.05604820806254795
0.035194113977249614
0.028014647706670746
-0.04907780589086556
0.035243019719444726
0.03175405608710405
-0.039984132619628854
0.03527494623000059
0.03172887240281021
-0.030151618073206734
0.035284928550068255
0.027942933673884094
-0.021077172705839104
0.03527139237877186
0.02102795520247041
-0.01405900987240908
0.03523685166843674
0.011898333802389562
-0.010304639400252254
0.035185686814847586
0.0020269739156265833
-0.010329861284835203
0.035126342493792574
-0.007083299363881525
-0.014130835791243227
0.03506789328991103
-0.014045529259787116
-0.02112889871705724
0.035019208959271506
-0.017799779342825874
-0.030258658459694575
0.03498761796918195
-0.017774497212936242
-0.04013019120047476
0.034977825650909365
-0.013973533836486307
-0.04924064599692367
0.03499126904230975
-0.00697554996490451
-0.05620303921926003
0.03502593483363591
0.0021540741637167318
-0.05995740922987149
0.03507664533671395
0.012025435333392478
-0.059932187127344785
0.03513577572573145
0.021135707775303297
-0.05613121276558006
0.03519436476989076
0.02809793517420174
-0.04913315026496644
0.035243465397543194
0.0318521824691845
-0.04000339098577383
0.03527551951847574
0.03182689884866963
-0.03013185852611929
0.03528554191057962
0.028025936554669353
-0.021021403458806195
0.03527195173236369
0.021083298082376734
-0.013975721279899473
0.03523727143811084
0.011917591226805002
-0.010206511397909563
0.03518590345427664
0.002007214108325682
-0.01023183297256159
0.03512632415251158
-0.007139068193465797
-0.014047831043843629
0.035067644196265194
-0.014128816756997172
-0.021073554348035144
0.0350187682455513
-0.017897905775520223
-0.030239400101805373
0.034987053293949855
-0.017872523723080787
-0.040149950759410566
0.03497722271928096
-0.014056536772561879
-0.0492964152539678
0.03499071895723493
-0.007030892880397285
-0.05628632781740264
0.03502552091715756
0.0021348167256401906
-0.06005553723453075
0.03507643097409087
0.012045195137075262
-0.060030215440233355
0.03513579466823513
0.021191476593351282
-0.056214217512781835
0.03519461556616865
0.02818122264172594
-0.049188494639066396
0.035243911085574
0.031950308850288156
-0.04002264935189813
0.03527609282415618
0.03192492537582429
-0.030112098949027017
0.03528615529248218
0.028108939435370506
-0.02096563421175314
0.035272511104508054
0.021138640962199463
-0.013892432687434888
0.03523769121948268
0.011936848651180585
-0.010108383395634933
0.03518612009833709
0.0019874543012915347
-0.010133804660157945
0.03512630581258512
-0.0071948369881172786
-0.013964826348209588
0.03506739510625441
-0.014212104254464187
-0.021018209979258358
0.03501832754161202
-0.01799603220953854
-0.030220141744098667
0.034986488830003624
-0.017970550232109604
-0.040169710317893306
0.03497661980801829
-0.01413953970880061
-0.04935218451110474
0.03499016889024611
-0.007086235795942247
-0.05636961641552591
0.03502510701210764
0.0021155592875473192
-0.060153665239131175
0.035076216616002874
0.012064954940486077
-0.06012824375325247
0.03513581361206865
0.021247245377733103
-0.056297222210167766
0.03519486636580163
0.028264510109385348
-0.04924383901295125
0.03524435678353882
0.032048435306688425
-0.04004190771753458
0.035276666147504035
0.03202295182552235
-0.030092339400455678
0.035286768694756235
0.02819194231577188
-0.020909864964295484
0.03527307049520504
0.021193983841937544
-0.013809144095013827
0.03523811101255282
0.011956106075517992
-0.01001025539342551
0.03518633674702932
0.001967694494232592
-0.01003577634768253
0.03512628747401181
-0.007250605782781993
-0.013881821652573826
0.035067146019719726
-0.014295391752022664
-0.020962865610478183
0.03501788684745448
-0.018094158642493002
-0.03020088338621902
0.03498592418801471
-0.018068576740970784
-0.040189469876277736
0.034976016917247325
-0.014222542645255767
-0.04940795376837476
0.0349896188413421
-0.007141578711539066
-0.0564529050136309
0.0350246931184856
0.0020963018494364583
-0.06025179324367562
0.03507600226244999
0.012084714743905533
-0.06022627206634611
0.035135832557234035
0.02130301416208592
-0.05638022690756279
0.03519511716893877
0.028347797576843532
-0.049299183387126876
0.03524480249143518
0.03214656168628921
-0.04006116608430863
0.03527723968858631
0.03212097827186605
-0.030072579852716295
0.03528738211787963
0.028274945196151834
-0.02085409571673266
0.035273629904456906
0.02124932672159036
-0.013725855502635042
0.035238530817321825
0.011975363499818321
-0.009912127391278355
0.03518655340035374
0.001947934687149156
-0.009937748035134879
0.035126269136792065
-0.007306374577460276
-0.013798816956936324
0.035066896936661665
-0.014378679249672333
-0.020907521241694742
0.03501744616307844
-0.018192285075537374
-0.030181625028366976
0.03498535956274202
-0.018166603249842594
-0.040209229434630935
0.034975414046700085
-0.014305545582043146
-0.049463723025882304
0.03498906881053898
-0.007196921627187177
-0.056536193611718806
0.035024279236290985
0.002077044411306552
-0.06034992124816703
0.03507578791343219
0.012104474547333323
-0.06032430037951473
0.03513585150373162
0.021358782946409523
-0.05646323160496725
0.035195367975580746
0.02843108504427777
-0.04935452776132608
0.03524524820926484
0.032244688066999164
-0.04008042445088874
0.035277813045449954
0.03221900471755388
-0.030052820305207013
0.03528799556201278
0.028357948076626883
-0.02079832646897895
0.03527418933226537
0.02130466960115682
-0.013642566910297008
0.03523895063379022
0.011994620924082641
-0.009813999389190595
0.03518677005831073
0.001928174880041544
-0.009839719722514661
0.03512625080092628
-0.007362143372152547
-0.013715812261296968
0.03506664785708055
-0.01446196674741293
-0.02085217687290819
0.035017005488483716
-0.018290411508667098
-0.030162366670544984
0.034984794954158224
-0.018264629758781344
-0.04022898899297281
0.03497481119650801
-0.01438854851982076
-0.049519492284230165
0.03498851879779592
-0.007252264542885396
-0.05661948220979128
0.03502386536552645
0.00205778697315651
-0.06044804925260825
0.03507557356894949
0.012124234350769108
-0.06042232869275867
0.03513587045156172
0.021414551730704345
-0.05654623630238126
0.03519561878572801
0.02851437251168779
-0.0494098721355487
0.03524569393702818
0.03234281444759631
-0.04009968281747701
0.03527838641938818
0.032317031162949136
-0.030033060757792808
0.03528860902687429
0.028440950957767355
-0.020742557220514914
0.035274748778654746
0.021360012480632636
-0.013559278317996026
0.03523937046196206
0.012013878348312024
-0.009715871387159368
0.03518698672090073
0.0019084150729100709
-0.009741691409821656
0.0351262324664149
-0.0074179121668592925
-0.013632807565655545
0.03506639878097663
-0.014545254245244232
-0.020796832504118686
0.03501656482367008
-0.018388537941880955
-0.03014310831275371
0.03498423036222485
-0.018362656267810664
-0.04024874855130685
0.03497420836666997
-0.01447155145639851
-0.04957526154140576
0.03498796880314447
-0.007307607458628906
-0.05670277080785228
0.03502345150618565
0.0020385295349853064
-0.06054617725700216
0.03507535922900238
0.012143994154212577
-0.06052035700607815
0.03513588940072465
0.02147032051497084
-0.056629240999805014
0.035195869599380876
0.028597659979073306
-0.049465216509794616
0.035246139674725604
0.03244094082807697
-0.04011894118407076
0.03527895981037506
0.03241505760814462
-0.030013301210443207
0.03528922251260797
0.028523953837577824
-0.0206867879731768
0.035275308243573555
0.02141535536002469
-0.01347598972573585
0.03523979030183148
0.0120331357725075
-0.009617743385181869
0.035187203388124665
0.0018886552657550533
-0.009643663097055756
0.035126214133258296
-0.007473680961581073
-0.01354980287001169
0.03506614970835008
-0.014628541743166029
-0.020741488135326384
0.035016124168637315
-0.018486664375182444
-0.03012384995499165
0.03498366578688436
-0.018460682776940174
-0.04026850810964494
0.03497360555718486
-0.014554554394710414
-0.04963103079887076
0.034987418847437404
-0.007362950374425104
-0.05678605940589783
0.0350230376582703
0.0020192720967918995
-0.0606443052613516
0.03507514489359011
0.012163753957663401
-0.06061838531947328
0.035135908351220796
0.021526089299209576
-0.056712245697238935
0.035196120416539654
0.028680947446434145
-0.04952056088406373
0.03524658542235744
0.03253906720844051
-0.0401381995506692
0.03527953321837379
0.03251308405317294
-0.029993541663138258
0.03528983601921507
0.028606956718810667
-0.020631018725555134
0.035275867750061696
0.021470698239303133
-0.01339270113351665
0.03524021015754461
0.012052393196670102
-0.009519615383255367
0.035187420059982176
0.0018688954585768238
-0.009545634784216958
0.03512619580145695
-0.007529449756318561
-0.013466798174364908
0.0350659006392011
-0.01471182924117806
-0.02068614376653147
0.03501568352338517
-0.0185847908791065
-0.03010459156777469
0.034983101227653
-0.018558709286177633
-0.040288267667982144
0.03497300276805163
-0.014637557333215007
-0.049686800056388127
0.034986868889081306
-0.007418293290292079
-0.05686934800393521
0.035022623825515006
0.002000014658575283
-0.060742433265659264
0.03507493056271276
0.01218351376112125
-0.060716413632944055
0.03513592730305037
0.021581858083421224
-0.05679525039468346
0.03519637123720472
0.028764234913770045
-0.0495759052583559
0.035247031179924095
0.03263719358869085
-0.04015745791727353
0.03528010664332904
0.032611110498051106
-0.0299737821158804
0.03529044954669668
0.028689959600300255
-0.020575249477866833
0.035276427252282
0.021526041118513653
-0.013309412541329311
0.0352406300214324
0.012071650620796973
-0.009421487381377826
0.035187636737116
0.0018491356513757177
-0.009447606471305398
0.03512617747101123
-0.007585218551072528
-0.013383793478714528
0.03506565157352985
-0.014795116739072104
-0.02063079939742111
0.03501524288791497
-0.01868291732132161
-0.030085333206449513
0.03498253668508539
-0.018656735795464605
-0.0403080272266296
0.03497239999926923
-0.014720560272065827
-0.049742569313986795
0.034986318948801075
-0.0074736362061880906
-0.05695263660195872
0.035022210000999476
0.0019807572203309827
-0.06084056126992848
0.03507471623694862
0.012203273564585768
-0.06081444194649032
0.0351359462562137
0.02163762686760655
-0.05687825509213927
0.03519662206137634
0.028847522381080754
-0.04963124963267094
0.0352474769474259
0.032735320042511874
-0.040176716314694126
0.03528068008556458
0.03270913694278754
-0.029954022568667558
0.035291063095053817
0.028772962481943665
-0.020519480230126078
0.03527698677306206
0.021581383997637333
-0.013226123949175684
0.035241049896525364
0.012090908044894707
-0.009323359379545678
0.035187853418594574
0.0018293758441515725
-0.0093495781583214
0.03512615914200627
-0.007640987345843264
-0.013300788783059321
0.0350654025113366
-0.014878404237031061
-0.020575455028271124
0.03501480226222511
-0.01878104375492333
-0.030066074848756747
0.03498197215846171
-0.01875476230485905
-0.04032778678531373
0.03497179725083649
-0.014803563211298092
-0.04979833857167697
0.0349857690265941
-0.007528979122128938
-0.05703592519997223
0.03502179618746205
0.001961499782063073
-0.060938689274160955
0.03507450191545744
0.012223033368056135
-0.06091247026011196
0.03513596521078745
0.021693395651766395
-0.056961259789607185
0.03519687288905483
0.028930809848149608
-0.049686594007334384
0.03524792272486153
0.03283344643280701
-0.04019597468556678
0.03528125354414203
0.03280716338732234
-0.029934263021175782
0.035291676664287404
0.028855965363782692
-0.020463710982321307
0.035277546312402264
